model_name,prompt_type,total_attempts,successful_attempts,failed_attempts,timeout_attempts,execution_time_mean,execution_time_median,execution_time_sd,prediction_accuracy,auc_roc,total_duration_mean,total_duration_median,total_duration_sd,load_duration_mean,load_duration_median,load_duration_sd,prompt_eval_duration_mean,prompt_eval_duration_median,prompt_eval_duration_sd,eval_duration_mean,eval_duration_median,eval_duration_sd,true_positives,true_negatives,false_positives,false_negatives,precision,recall,f1_score,txt_accuracy,txt_auc_roc,model_dir,model_params,model_quantization
athene-v2:72b-q4_K_M,PromptType.COT,100,100,0,0,,,,,,,,,,,,,,,,,,13,46,27,14,0.325,0.48148148148148145,0.3880597014925373,,,athene-v2_72b-q4_k_m,72,q4_k_m
athene-v2:72b-q4_K_M,PromptType.COT_NSHOT,100,100,0,0,,,,,,,,,,,,,,,,,,11,51,23,15,0.3235294117647059,0.4230769230769231,0.3666666666666667,,,athene-v2_72b-q4_k_m,72,q4_k_m
athene-v2:72b-q4_K_M,PromptType.SYSTEM1,100,100,0,0,,,,,,,,,,,,,,,,,,12,41,33,14,0.26666666666666666,0.46153846153846156,0.3380281690140845,,,athene-v2_72b-q4_k_m,72,q4_k_m
aya-expanse:32b-q4_K_M,PromptType.COT,100,100,0,0,,,,,,,,,,,,,,,,,,18,21,55,6,0.2465753424657534,0.75,0.37113402061855666,,,aya-expanse_32b-q4_k_m,32,q4_k_m
aya-expanse:32b-q4_K_M,PromptType.COT_NSHOT,100,100,0,0,,,,,,,,,,,,,,,,,,17,27,47,9,0.265625,0.6538461538461539,0.37777777777777777,,,aya-expanse_32b-q4_k_m,32,q4_k_m
aya-expanse:32b-q4_K_M,PromptType.SYSTEM1,100,100,0,0,,,,,,,,,,,,,,,,,,20,27,42,11,0.3225806451612903,0.6451612903225806,0.4301075268817204,,,aya-expanse_32b-q4_k_m,32,q4_k_m
aya-expanse:8b-fp16,PromptType.COT,100,100,0,0,,,,,,,,,,,,,,,,,,24,25,47,4,0.3380281690140845,0.8571428571428571,0.48484848484848475,,,aya-expanse_8b-fp16,8,fp16
aya-expanse:8b-fp16,PromptType.COT_NSHOT,100,100,0,0,,,,,,,,,,,,,,,,,,26,32,31,11,0.45614035087719296,0.7027027027027027,0.553191489361702,,,aya-expanse_8b-fp16,8,fp16
aya-expanse:8b-fp16,PromptType.SYSTEM1,100,100,0,0,,,,,,,,,,,,,,,,,,25,26,43,6,0.36764705882352944,0.8064516129032258,0.5050505050505051,,,aya-expanse_8b-fp16,8,fp16
aya-expanse:8b-q4_K_M,PromptType.COT,100,100,0,0,,,,,,,,,,,,,,,,,,15,21,58,6,0.2054794520547945,0.7142857142857143,0.3191489361702127,,,aya-expanse_8b-q4_k_m,8,q4_k_m
aya-expanse:8b-q4_K_M,PromptType.COT_NSHOT,100,100,0,0,,,,,,,,,,,,,,,,,,20,21,54,5,0.2702702702702703,0.8,0.404040404040404,,,aya-expanse_8b-q4_k_m,8,q4_k_m
aya-expanse:8b-q4_K_M,PromptType.SYSTEM1,100,100,0,0,,,,,,,,,,,,,,,,,,18,27,44,11,0.2903225806451613,0.6206896551724138,0.3956043956043956,,,aya-expanse_8b-q4_k_m,8,q4_k_m
command-r:35b-08-2024-q4_K_M,PromptType.COT,100,100,0,0,,,,,,,,,,,,,,,,,,25,20,52,3,0.3246753246753247,0.8928571428571429,0.47619047619047616,,,command-r_35b-08-2024-q4_k_m,35,q4_k_m
command-r:35b-08-2024-q4_K_M,PromptType.COT_NSHOT,100,100,0,0,,,,,,,,,,,,,,,,,,15,11,68,6,0.18072289156626506,0.7142857142857143,0.2884615384615385,,,command-r_35b-08-2024-q4_k_m,35,q4_k_m
command-r:35b-08-2024-q4_K_M,PromptType.SYSTEM1,100,100,0,0,,,,,,,,,,,,,,,,,,19,23,51,7,0.2714285714285714,0.7307692307692307,0.39583333333333326,,,command-r_35b-08-2024-q4_k_m,35,q4_k_m
dolphin-2.9.2-qwen2-7b:Q4_K_M,PromptType.COT,100,100,0,0,,,,,,,,,,,,,,,,,,22,19,47,12,0.3188405797101449,0.6470588235294118,0.42718446601941745,,,dolphin-2_9_2-qwen2-7b_q4_k_m,7,q4_k_m
dolphin-2.9.2-qwen2-7b:Q4_K_M,PromptType.COT_NSHOT,100,100,0,0,,,,,,,,,,,,,,,,,,22,29,45,4,0.3283582089552239,0.8461538461538461,0.4731182795698925,,,dolphin-2_9_2-qwen2-7b_q4_k_m,7,q4_k_m
dolphin-2.9.2-qwen2-7b:Q4_K_M,PromptType.SYSTEM1,100,100,0,0,,,,,,,,,,,,,,,,,,20,16,62,2,0.24390243902439024,0.9090909090909091,0.38461538461538464,,,dolphin-2_9_2-qwen2-7b_q4_k_m,7,q4_k_m
dolphin-llama3.1:8b-v2.9.4-Q4_K_M,PromptType.COT,100,100,0,0,,,,,,,,,,,,,,,,,,23,6,63,8,0.26744186046511625,0.7419354838709677,0.3931623931623931,,,dolphin-llama3_1_8b-v2_9_4-q4_k_m,8,q4_k_m
dolphin-llama3.1:8b-v2.9.4-Q4_K_M,PromptType.COT_NSHOT,100,100,0,0,,,,,,,,,,,,,,,,,,24,31,39,6,0.38095238095238093,0.8,0.5161290322580645,,,dolphin-llama3_1_8b-v2_9_4-q4_k_m,8,q4_k_m
dolphin-llama3.1:8b-v2.9.4-Q4_K_M,PromptType.SYSTEM1,100,100,0,0,,,,,,,,,,,,,,,,,,18,33,36,13,0.3333333333333333,0.5806451612903226,0.4235294117647058,,,dolphin-llama3_1_8b-v2_9_4-q4_k_m,8,q4_k_m
dolphin-mistral-nemo:12b-v2.9.3-Q4_K_M,PromptType.COT,100,100,0,0,,,,,,,,,,,,,,,,,,20,9,69,2,0.2247191011235955,0.9090909090909091,0.36036036036036034,,,dolphin-mistral-nemo_12b-v2_9_3-q4_k_m,12,q4_k_m
dolphin-mistral-nemo:12b-v2.9.3-Q4_K_M,PromptType.COT_NSHOT,100,100,0,0,,,,,,,,,,,,,,,,,,17,29,42,12,0.288135593220339,0.5862068965517241,0.38636363636363635,,,dolphin-mistral-nemo_12b-v2_9_3-q4_k_m,12,q4_k_m
dolphin-mistral-nemo:12b-v2.9.3-Q4_K_M,PromptType.SYSTEM1,100,100,0,0,,,,,,,,,,,,,,,,,,24,21,48,7,0.3333333333333333,0.7741935483870968,0.46601941747572817,,,dolphin-mistral-nemo_12b-v2_9_3-q4_k_m,12,q4_k_m
dolphin3:8b-llama3.1-fp16,PromptType.COT,100,100,0,0,,,,,,,,,,,,,,,,,,26,4,67,3,0.27956989247311825,0.896551724137931,0.4262295081967213,,,dolphin3_8b-llama3_1-fp16,8,fp16
dolphin3:8b-llama3.1-fp16,PromptType.COT_NSHOT,100,100,0,0,,,,,,,,,,,,,,,,,,8,56,19,17,0.2962962962962963,0.32,0.30769230769230765,,,dolphin3_8b-llama3_1-fp16,8,fp16
dolphin3:8b-llama3.1-fp16,PromptType.SYSTEM1,100,100,0,0,,,,,,,,,,,,,,,,,,14,35,40,11,0.25925925925925924,0.56,0.35443037974683544,,,dolphin3_8b-llama3_1-fp16,8,fp16
dolphin3:8b-llama3.1-q4_K_M,PromptType.COT,100,100,0,0,,,,,,,,,,,,,,,,,,20,15,59,6,0.25316455696202533,0.7692307692307693,0.38095238095238104,,,dolphin3_8b-llama3_1-q4_k_m,8,q4_k_m
dolphin3:8b-llama3.1-q4_K_M,PromptType.COT_NSHOT,100,100,0,0,,,,,,,,,,,,,,,,,,6,58,16,20,0.2727272727272727,0.23076923076923078,0.24999999999999994,,,dolphin3_8b-llama3_1-q4_k_m,8,q4_k_m
dolphin3:8b-llama3.1-q4_K_M,PromptType.SYSTEM1,100,100,0,0,,,,,,,,,,,,,,,,,,15,44,30,11,0.3333333333333333,0.5769230769230769,0.4225352112676057,,,dolphin3_8b-llama3_1-q4_k_m,8,q4_k_m
exaone3.5:2.4b-instruct-fp16,PromptType.COT,100,100,0,0,,,,,,,,,,,,,,,,,,22,30,37,11,0.3728813559322034,0.6666666666666666,0.47826086956521735,,,exaone3_5_2_4b-instruct-fp16,4,fp16
exaone3.5:2.4b-instruct-fp16,PromptType.COT_NSHOT,100,100,0,0,,,,,,,,,,,,,,,,,,12,46,23,19,0.34285714285714286,0.3870967741935484,0.3636363636363636,,,exaone3_5_2_4b-instruct-fp16,4,fp16
exaone3.5:2.4b-instruct-fp16,PromptType.SYSTEM1,100,100,0,0,,,,,,,,,,,,,,,,,,25,24,45,6,0.35714285714285715,0.8064516129032258,0.495049504950495,,,exaone3_5_2_4b-instruct-fp16,4,fp16
exaone3.5:2.4b-instruct-q4_K_M,PromptType.COT,100,100,0,0,,,,,,,,,,,,,,,,,,17,30,45,8,0.27419354838709675,0.68,0.39080459770114945,,,exaone3_5_2_4b-instruct-q4_k_m,4,q4_k_m
exaone3.5:2.4b-instruct-q4_K_M,PromptType.COT_NSHOT,100,100,0,0,,,,,,,,,,,,,,,,,,17,37,36,10,0.32075471698113206,0.6296296296296297,0.425,,,exaone3_5_2_4b-instruct-q4_k_m,4,q4_k_m
exaone3.5:2.4b-instruct-q4_K_M,PromptType.SYSTEM1,100,100,0,0,,,,,,,,,,,,,,,,,,19,16,60,5,0.24050632911392406,0.7916666666666666,0.36893203883495146,,,exaone3_5_2_4b-instruct-q4_k_m,4,q4_k_m
exaone3.5:32b-instruct-q4_K_M,PromptType.COT,100,100,0,0,,,,,,,,,,,,,,,,,,15,47,27,11,0.35714285714285715,0.5769230769230769,0.4411764705882353,,,exaone3_5_32b-instruct-q4_k_m,32,q4_k_m
exaone3.5:32b-instruct-q4_K_M,PromptType.COT_NSHOT,100,100,0,0,,,,,,,,,,,,,,,,,,15,31,43,11,0.25862068965517243,0.5769230769230769,0.3571428571428572,,,exaone3_5_32b-instruct-q4_k_m,32,q4_k_m
exaone3.5:32b-instruct-q4_K_M,PromptType.SYSTEM1,100,100,0,0,,,,,,,,,,,,,,,,,,8,49,28,15,0.2222222222222222,0.34782608695652173,0.2711864406779661,,,exaone3_5_32b-instruct-q4_k_m,32,q4_k_m
exaone3.5:7.8b-instruct-q4_K_M,PromptType.COT,100,100,0,0,,,,,,,,,,,,,,,,,,26,12,54,8,0.325,0.7647058823529411,0.456140350877193,,,exaone3_5_7_8b-instruct-q4_k_m,8,q4_k_m
exaone3.5:7.8b-instruct-q4_K_M,PromptType.COT_NSHOT,100,100,0,0,,,,,,,,,,,,,,,,,,24,11,59,6,0.2891566265060241,0.8,0.4247787610619469,,,exaone3_5_7_8b-instruct-q4_k_m,8,q4_k_m
exaone3.5:7.8b-instruct-q4_K_M,PromptType.SYSTEM1,100,100,0,0,,,,,,,,,,,,,,,,,,13,48,25,14,0.34210526315789475,0.48148148148148145,0.39999999999999997,,,exaone3_5_7_8b-instruct-q4_k_m,8,q4_k_m
falcon3:10b-instruct-fp16,PromptType.COT,100,100,0,0,,,,,,,,,,,,,,,,,,12,43,28,17,0.3,0.41379310344827586,0.34782608695652173,,,falcon3_10b-instruct-fp16,10,fp16
falcon3:10b-instruct-fp16,PromptType.COT_NSHOT,100,100,0,0,,,,,,,,,,,,,,,,,,17,35,41,7,0.29310344827586204,0.7083333333333334,0.41463414634146345,,,falcon3_10b-instruct-fp16,10,fp16
falcon3:10b-instruct-fp16,PromptType.SYSTEM1,100,100,0,0,,,,,,,,,,,,,,,,,,21,26,52,1,0.2876712328767123,0.9545454545454546,0.44210526315789467,,,falcon3_10b-instruct-fp16,10,fp16
falcon3:10b-instruct-q4_K_M,PromptType.COT,100,100,0,0,,,,,,,,,,,,,,,,,,13,41,31,15,0.29545454545454547,0.4642857142857143,0.36111111111111116,,,falcon3_10b-instruct-q4_k_m,10,q4_k_m
falcon3:10b-instruct-q4_K_M,PromptType.COT_NSHOT,100,100,0,0,,,,,,,,,,,,,,,,,,17,32,41,10,0.29310344827586204,0.6296296296296297,0.4,,,falcon3_10b-instruct-q4_k_m,10,q4_k_m
falcon3:10b-instruct-q4_K_M,PromptType.SYSTEM1,100,100,0,0,,,,,,,,,,,,,,,,,,29,6,61,4,0.32222222222222224,0.8787878787878788,0.4715447154471545,,,falcon3_10b-instruct-q4_k_m,10,q4_k_m
falcon3:3b-instruct-fp16,PromptType.COT,100,100,0,0,,,,,,,,,,,,,,,,,,16,29,43,12,0.2711864406779661,0.5714285714285714,0.367816091954023,,,falcon3_3b-instruct-fp16,3,fp16
falcon3:3b-instruct-fp16,PromptType.COT_NSHOT,100,100,0,0,,,,,,,,,,,,,,,,,,27,10,60,3,0.3103448275862069,0.9,0.4615384615384615,,,falcon3_3b-instruct-fp16,3,fp16
falcon3:3b-instruct-fp16,PromptType.SYSTEM1,100,100,0,0,,,,,,,,,,,,,,,,,,19,15,59,7,0.24358974358974358,0.7307692307692307,0.36538461538461536,,,falcon3_3b-instruct-fp16,3,fp16
falcon3:7b-instruct-fp16,PromptType.COT,100,100,0,0,,,,,,,,,,,,,,,,,,19,33,40,8,0.3220338983050847,0.7037037037037037,0.441860465116279,,,falcon3_7b-instruct-fp16,7,fp16
falcon3:7b-instruct-fp16,PromptType.COT_NSHOT,100,100,0,0,,,,,,,,,,,,,,,,,,21,26,47,6,0.3088235294117647,0.7777777777777778,0.44210526315789467,,,falcon3_7b-instruct-fp16,7,fp16
falcon3:7b-instruct-fp16,PromptType.SYSTEM1,100,100,0,0,,,,,,,,,,,,,,,,,,18,29,47,6,0.27692307692307694,0.75,0.40449438202247195,,,falcon3_7b-instruct-fp16,7,fp16
falcon3:7b-instruct-q4_K_M,PromptType.COT,100,100,0,0,,,,,,,,,,,,,,,,,,23,22,48,7,0.323943661971831,0.7666666666666667,0.4554455445544555,,,falcon3_7b-instruct-q4_k_m,7,q4_k_m
falcon3:7b-instruct-q4_K_M,PromptType.COT_NSHOT,100,100,0,0,,,,,,,,,,,,,,,,,,20,26,46,8,0.30303030303030304,0.7142857142857143,0.42553191489361697,,,falcon3_7b-instruct-q4_k_m,7,q4_k_m
falcon3:7b-instruct-q4_K_M,PromptType.SYSTEM1,100,100,0,0,,,,,,,,,,,,,,,,,,16,33,44,7,0.26666666666666666,0.6956521739130435,0.3855421686746988,,,falcon3_7b-instruct-q4_k_m,7,q4_k_m
gemma2:27b-instruct-q3_K_M,PromptType.COT,100,100,0,0,,,,,,,,,,,,,,,,,,17,38,30,15,0.3617021276595745,0.53125,0.4303797468354431,,,gemma2_27b-instruct-q3_k_m,27,unknown
gemma2:27b-instruct-q3_K_M,PromptType.COT_NSHOT,100,100,0,0,,,,,,,,,,,,,,,,,,13,44,31,12,0.29545454545454547,0.52,0.3768115942028986,,,gemma2_27b-instruct-q3_k_m,27,unknown
gemma2:27b-instruct-q3_K_M,PromptType.SYSTEM1,100,100,0,0,,,,,,,,,,,,,,,,,,7,63,11,19,0.3888888888888889,0.2692307692307692,0.3181818181818182,,,gemma2_27b-instruct-q3_k_m,27,unknown
gemma2:2b-instruct-fp16,PromptType.COT,100,100,0,0,,,,,,,,,,,,,,,,,,22,27,39,12,0.36065573770491804,0.6470588235294118,0.4631578947368421,,,gemma2_2b-instruct-fp16,2,fp16
gemma2:2b-instruct-fp16,PromptType.COT_NSHOT,100,100,0,0,,,,,,,,,,,,,,,,,,21,36,38,5,0.3559322033898305,0.8076923076923077,0.4941176470588236,,,gemma2_2b-instruct-fp16,2,fp16
gemma2:2b-instruct-fp16,PromptType.SYSTEM1,100,100,0,0,,,,,,,,,,,,,,,,,,11,51,18,20,0.3793103448275862,0.3548387096774194,0.36666666666666664,,,gemma2_2b-instruct-fp16,2,fp16
gemma2:9b-instruct-fp16,PromptType.COT,100,100,0,0,,,,,,,,,,,,,,,,,,10,51,22,17,0.3125,0.37037037037037035,0.3389830508474576,,,gemma2_9b-instruct-fp16,9,fp16
gemma2:9b-instruct-fp16,PromptType.COT_NSHOT,100,100,0,0,,,,,,,,,,,,,,,,,,13,45,32,10,0.28888888888888886,0.5652173913043478,0.38235294117647056,,,gemma2_9b-instruct-fp16,9,fp16
gemma2:9b-instruct-fp16,PromptType.SYSTEM1,94,94,0,0,,,,,,,,,,,,,,,,,,9,56,8,21,0.5294117647058824,0.3,0.3829787234042553,,,gemma2_9b-instruct-fp16,9,fp16
gemma2:9b-instruct-q4_K_M,PromptType.COT,100,100,0,0,,,,,,,,,,,,,,,,,,10,52,21,17,0.3225806451612903,0.37037037037037035,0.3448275862068965,,,gemma2_9b-instruct-q4_k_m,9,q4_k_m
gemma2:9b-instruct-q4_K_M,PromptType.COT_NSHOT,100,100,0,0,,,,,,,,,,,,,,,,,,15,39,35,11,0.3,0.5769230769230769,0.3947368421052631,,,gemma2_9b-instruct-q4_k_m,9,q4_k_m
gemma2:9b-instruct-q4_K_M,PromptType.SYSTEM1,100,100,0,0,,,,,,,,,,,,,,,,,,9,58,10,23,0.47368421052631576,0.28125,0.35294117647058826,,,gemma2_9b-instruct-q4_k_m,9,q4_k_m
glm4:9b-chat-q4_K_M,PromptType.COT,100,100,0,0,,,,,,,,,,,,,,,,,,19,16,59,6,0.24358974358974358,0.76,0.36893203883495146,,,glm4_9b-chat-q4_k_m,9,q4_k_m
glm4:9b-chat-q4_K_M,PromptType.COT_NSHOT,100,100,0,0,,,,,,,,,,,,,,,,,,23,13,59,5,0.2804878048780488,0.8214285714285714,0.4181818181818182,,,glm4_9b-chat-q4_k_m,9,q4_k_m
glm4:9b-chat-q4_K_M,PromptType.SYSTEM1,100,100,0,0,,,,,,,,,,,,,,,,,,18,34,40,8,0.3103448275862069,0.6923076923076923,0.4285714285714286,,,glm4_9b-chat-q4_k_m,9,q4_k_m
granite3.1-dense:2b-instruct-fp16,PromptType.COT,100,100,0,0,,,,,,,,,,,,,,,,,,24,5,68,3,0.2608695652173913,0.8888888888888888,0.4033613445378151,,,granite3_1-dense_2b-instruct-fp16,2,fp16
granite3.1-dense:2b-instruct-fp16,PromptType.COT_NSHOT,100,100,0,0,,,,,,,,,,,,,,,,,,23,29,36,12,0.3898305084745763,0.6571428571428571,0.4893617021276596,,,granite3_1-dense_2b-instruct-fp16,2,fp16
granite3.1-dense:2b-instruct-fp16,PromptType.SYSTEM1,100,100,0,0,,,,,,,,,,,,,,,,,,12,45,28,15,0.3,0.4444444444444444,0.3582089552238806,,,granite3_1-dense_2b-instruct-fp16,2,fp16
granite3.1-dense:8b-instruct-fp16,PromptType.COT,100,100,0,0,,,,,,,,,,,,,,,,,,24,28,41,7,0.36923076923076925,0.7741935483870968,0.5,,,granite3_1-dense_8b-instruct-fp16,8,fp16
granite3.1-dense:8b-instruct-fp16,PromptType.COT_NSHOT,100,100,0,0,,,,,,,,,,,,,,,,,,8,53,16,23,0.3333333333333333,0.25806451612903225,0.29090909090909095,,,granite3_1-dense_8b-instruct-fp16,8,fp16
granite3.1-dense:8b-instruct-fp16,PromptType.SYSTEM1,100,100,0,0,,,,,,,,,,,,,,,,,,16,31,40,13,0.2857142857142857,0.5517241379310345,0.3764705882352941,,,granite3_1-dense_8b-instruct-fp16,8,fp16
granite3.1-dense:8b-instruct-q4_K_M,PromptType.COT,100,100,0,0,,,,,,,,,,,,,,,,,,15,31,43,11,0.25862068965517243,0.5769230769230769,0.3571428571428572,,,granite3_1-dense_8b-instruct-q4_k_m,8,q4_k_m
granite3.1-dense:8b-instruct-q4_K_M,PromptType.COT_NSHOT,100,100,0,0,,,,,,,,,,,,,,,,,,7,58,10,25,0.4117647058823529,0.21875,0.2857142857142857,,,granite3_1-dense_8b-instruct-q4_k_m,8,q4_k_m
granite3.1-dense:8b-instruct-q4_K_M,PromptType.SYSTEM1,100,100,0,0,,,,,,,,,,,,,,,,,,27,19,49,5,0.35526315789473684,0.84375,0.5,,,granite3_1-dense_8b-instruct-q4_k_m,8,q4_k_m
granite3.1-moe:1b-instruct-fp16,PromptType.COT,100,100,0,0,,,,,,,,,,,,,,,,,,11,49,21,19,0.34375,0.36666666666666664,0.3548387096774193,,,granite3_1-moe_1b-instruct-fp16,1,fp16
granite3.1-moe:1b-instruct-fp16,PromptType.COT_NSHOT,100,100,0,0,,,,,,,,,,,,,,,,,,22,20,52,6,0.2972972972972973,0.7857142857142857,0.43137254901960786,,,granite3_1-moe_1b-instruct-fp16,1,fp16
granite3.1-moe:1b-instruct-fp16,PromptType.SYSTEM1,100,100,0,0,,,,,,,,,,,,,,,,,,16,30,44,10,0.26666666666666666,0.6153846153846154,0.37209302325581395,,,granite3_1-moe_1b-instruct-fp16,1,fp16
granite3.1-moe:3b-instruct-fp16,PromptType.COT,100,100,0,0,,,,,,,,,,,,,,,,,,17,37,37,9,0.3148148148148148,0.6538461538461539,0.42500000000000004,,,granite3_1-moe_3b-instruct-fp16,3,fp16
granite3.1-moe:3b-instruct-fp16,PromptType.COT_NSHOT,100,100,0,0,,,,,,,,,,,,,,,,,,26,10,59,5,0.3058823529411765,0.8387096774193549,0.44827586206896564,,,granite3_1-moe_3b-instruct-fp16,3,fp16
granite3.1-moe:3b-instruct-fp16,PromptType.SYSTEM1,100,100,0,0,,,,,,,,,,,,,,,,,,19,34,33,14,0.36538461538461536,0.5757575757575758,0.4470588235294118,,,granite3_1-moe_3b-instruct-fp16,3,fp16
granite3.1-moe:3b-instruct-q4_K_M,PromptType.COT,100,100,0,0,,,,,,,,,,,,,,,,,,18,28,47,7,0.27692307692307694,0.72,0.4,,,granite3_1-moe_3b-instruct-q4_k_m,3,q4_k_m
granite3.1-moe:3b-instruct-q4_K_M,PromptType.COT_NSHOT,100,100,0,0,,,,,,,,,,,,,,,,,,25,14,54,7,0.31645569620253167,0.78125,0.4504504504504505,,,granite3_1-moe_3b-instruct-q4_k_m,3,q4_k_m
granite3.1-moe:3b-instruct-q4_K_M,PromptType.SYSTEM1,100,100,0,0,,,,,,,,,,,,,,,,,,22,34,32,12,0.4074074074074074,0.6470588235294118,0.5,,,granite3_1-moe_3b-instruct-q4_k_m,3,q4_k_m
hermes3:8b-llama3.1-q4_0,PromptType.COT,100,100,0,0,,,,,,,,,,,,,,,,,,18,8,73,1,0.1978021978021978,0.9473684210526315,0.3272727272727272,,,hermes3_8b-llama3_1-q4_0,8,unknown
hermes3:8b-llama3.1-q4_0,PromptType.COT_NSHOT,100,100,0,0,,,,,,,,,,,,,,,,,,12,33,46,9,0.20689655172413793,0.5714285714285714,0.3037974683544304,,,hermes3_8b-llama3_1-q4_0,8,unknown
hermes3:8b-llama3.1-q4_0,PromptType.SYSTEM1,100,100,0,0,,,,,,,,,,,,,,,,,,24,43,27,6,0.47058823529411764,0.8,0.5925925925925927,,,hermes3_8b-llama3_1-q4_0,8,unknown
llama3.1:70b-instruct-q4_K_M,PromptType.COT,100,100,0,0,,,,,,,,,,,,,,,,,,23,19,51,7,0.3108108108108108,0.7666666666666667,0.4423076923076923,,,llama3_1_70b-instruct-q4_k_m,70,q4_k_m
llama3.1:70b-instruct-q4_K_M,PromptType.COT_NSHOT,100,100,0,0,,,,,,,,,,,,,,,,,,17,33,37,13,0.3148148148148148,0.5666666666666667,0.4047619047619047,,,llama3_1_70b-instruct-q4_k_m,70,q4_k_m
llama3.1:70b-instruct-q4_K_M,PromptType.SYSTEM1,100,100,0,0,,,,,,,,,,,,,,,,,,14,32,40,14,0.25925925925925924,0.5,0.3414634146341463,,,llama3_1_70b-instruct-q4_k_m,70,q4_k_m
llama3.1:8b-instruct-fp16,PromptType.COT,100,100,0,0,,,,,,,,,,,,,,,,,,21,13,63,3,0.25,0.875,0.3888888888888889,,,llama3_1_8b-instruct-fp16,8,fp16
llama3.1:8b-instruct-fp16,PromptType.COT_NSHOT,100,100,0,0,,,,,,,,,,,,,,,,,,22,29,45,4,0.3283582089552239,0.8461538461538461,0.4731182795698925,,,llama3_1_8b-instruct-fp16,8,fp16
llama3.1:8b-instruct-fp16,PromptType.SYSTEM1,100,100,0,0,,,,,,,,,,,,,,,,,,13,51,24,12,0.35135135135135137,0.52,0.4193548387096775,,,llama3_1_8b-instruct-fp16,8,fp16
llama3.1:8b-instruct-q4_K_M,PromptType.COT,100,100,0,0,,,,,,,,,,,,,,,,,,22,13,60,5,0.2682926829268293,0.8148148148148148,0.4036697247706423,,,llama3_1_8b-instruct-q4_k_m,8,q4_k_m
llama3.1:8b-instruct-q4_K_M,PromptType.COT_NSHOT,100,100,0,0,,,,,,,,,,,,,,,,,,18,22,54,6,0.25,0.75,0.375,,,llama3_1_8b-instruct-q4_k_m,8,q4_k_m
llama3.1:8b-instruct-q4_K_M,PromptType.SYSTEM1,100,100,0,0,,,,,,,,,,,,,,,,,,18,45,26,11,0.4090909090909091,0.6206896551724138,0.49315068493150693,,,llama3_1_8b-instruct-q4_k_m,8,q4_k_m
llama3.2:1b-instruct-fp16,PromptType.COT,100,100,0,0,,,,,,,,,,,,,,,,,,21,12,63,4,0.25,0.84,0.3853211009174312,,,llama3_2_1b-instruct-fp16,1,fp16
llama3.2:1b-instruct-fp16,PromptType.COT_NSHOT,100,100,0,0,,,,,,,,,,,,,,,,,,26,13,53,8,0.3291139240506329,0.7647058823529411,0.46017699115044247,,,llama3_2_1b-instruct-fp16,1,fp16
llama3.2:1b-instruct-fp16,PromptType.SYSTEM1,100,100,0,0,,,,,,,,,,,,,,,,,,22,10,65,3,0.25287356321839083,0.88,0.39285714285714285,,,llama3_2_1b-instruct-fp16,1,fp16
llama3.2:1b-instruct-q4_K_M,PromptType.COT,100,100,0,0,,,,,,,,,,,,,,,,,,27,4,67,2,0.2872340425531915,0.9310344827586207,0.4390243902439025,,,llama3_2_1b-instruct-q4_k_m,1,q4_k_m
llama3.2:1b-instruct-q4_K_M,PromptType.COT_NSHOT,100,100,0,0,,,,,,,,,,,,,,,,,,21,10,65,4,0.2441860465116279,0.84,0.3783783783783784,,,llama3_2_1b-instruct-q4_k_m,1,q4_k_m
llama3.2:1b-instruct-q4_K_M,PromptType.SYSTEM1,100,100,0,0,,,,,,,,,,,,,,,,,,21,23,45,11,0.3181818181818182,0.65625,0.4285714285714286,,,llama3_2_1b-instruct-q4_k_m,1,q4_k_m
llama3.2:3b-instruct-fp16,PromptType.COT,100,100,0,0,,,,,,,,,,,,,,,,,,17,17,60,6,0.22077922077922077,0.7391304347826086,0.33999999999999997,,,llama3_2_3b-instruct-fp16,3,fp16
llama3.2:3b-instruct-fp16,PromptType.COT_NSHOT,100,100,0,0,,,,,,,,,,,,,,,,,,17,33,42,8,0.288135593220339,0.68,0.40476190476190477,,,llama3_2_3b-instruct-fp16,3,fp16
llama3.2:3b-instruct-fp16,PromptType.SYSTEM1,100,100,0,0,,,,,,,,,,,,,,,,,,21,31,41,7,0.3387096774193548,0.75,0.4666666666666667,,,llama3_2_3b-instruct-fp16,3,fp16
llama3.2:3b-instruct-q4_K_M,PromptType.COT,100,100,0,0,,,,,,,,,,,,,,,,,,17,18,61,4,0.21794871794871795,0.8095238095238095,0.3434343434343435,,,llama3_2_3b-instruct-q4_k_m,3,q4_k_m
llama3.2:3b-instruct-q4_K_M,PromptType.COT_NSHOT,100,100,0,0,,,,,,,,,,,,,,,,,,19,34,32,15,0.37254901960784315,0.5588235294117647,0.4470588235294118,,,llama3_2_3b-instruct-q4_k_m,3,q4_k_m
llama3.2:3b-instruct-q4_K_M,PromptType.SYSTEM1,100,100,0,0,,,,,,,,,,,,,,,,,,20,37,33,10,0.37735849056603776,0.6666666666666666,0.4819277108433735,,,llama3_2_3b-instruct-q4_k_m,3,q4_k_m
llama3.3:70b-instruct-q4_K_M,PromptType.COT,100,100,0,0,,,,,,,,,,,,,,,,,,21,36,33,10,0.3888888888888889,0.6774193548387096,0.4941176470588235,,,llama3_3_70b-instruct-q4_k_m,70,q4_k_m
llama3.3:70b-instruct-q4_K_M,PromptType.COT_NSHOT,100,100,0,0,,,,,,,,,,,,,,,,,,17,44,32,7,0.3469387755102041,0.7083333333333334,0.4657534246575343,,,llama3_3_70b-instruct-q4_k_m,70,q4_k_m
llama3.3:70b-instruct-q4_K_M,PromptType.SYSTEM1,100,100,0,0,,,,,,,,,,,,,,,,,,11,39,38,12,0.22448979591836735,0.4782608695652174,0.3055555555555556,,,llama3_3_70b-instruct-q4_k_m,70,q4_k_m
marco-o1:7b-fp16,PromptType.COT,100,100,0,0,,,,,,,,,,,,,,,,,,21,29,43,7,0.328125,0.75,0.45652173913043476,,,marco-o1_7b-fp16,7,fp16
marco-o1:7b-fp16,PromptType.COT_NSHOT,100,100,0,0,,,,,,,,,,,,,,,,,,19,24,51,6,0.2714285714285714,0.76,0.39999999999999997,,,marco-o1_7b-fp16,7,fp16
marco-o1:7b-fp16,PromptType.SYSTEM1,100,100,0,0,,,,,,,,,,,,,,,,,,18,39,33,10,0.35294117647058826,0.6428571428571429,0.4556962025316456,,,marco-o1_7b-fp16,7,fp16
marco-o1:7b-q4_K_M,PromptType.COT,100,100,0,0,,,,,,,,,,,,,,,,,,18,16,55,11,0.2465753424657534,0.6206896551724138,0.35294117647058826,,,marco-o1_7b-q4_k_m,7,q4_k_m
marco-o1:7b-q4_K_M,PromptType.COT_NSHOT,100,100,0,0,,,,,,,,,,,,,,,,,,23,18,55,4,0.2948717948717949,0.8518518518518519,0.4380952380952381,,,marco-o1_7b-q4_k_m,7,q4_k_m
marco-o1:7b-q4_K_M,PromptType.SYSTEM1,100,100,0,0,,,,,,,,,,,,,,,,,,11,58,15,16,0.4230769230769231,0.4074074074074074,0.4150943396226415,,,marco-o1_7b-q4_k_m,7,q4_k_m
mistral-nemo:12b-instruct-2407-q4_K_M,PromptType.COT,100,100,0,0,,,,,,,,,,,,,,,,,,24,20,52,4,0.3157894736842105,0.8571428571428571,0.46153846153846156,,,mistral-nemo_12b-instruct-2407-q4_k_m,12,q4_k_m
mistral-nemo:12b-instruct-2407-q4_K_M,PromptType.COT_NSHOT,100,100,0,0,,,,,,,,,,,,,,,,,,17,22,47,14,0.265625,0.5483870967741935,0.35789473684210527,,,mistral-nemo_12b-instruct-2407-q4_k_m,12,q4_k_m
mistral-nemo:12b-instruct-2407-q4_K_M,PromptType.SYSTEM1,100,100,0,0,,,,,,,,,,,,,,,,,,17,36,39,8,0.30357142857142855,0.68,0.4197530864197531,,,mistral-nemo_12b-instruct-2407-q4_k_m,12,q4_k_m
mistral-small:22b-instruct-2409-q4_K_M,PromptType.COT,100,100,0,0,,,,,,,,,,,,,,,,,,22,27,45,6,0.3283582089552239,0.7857142857142857,0.46315789473684216,,,mistral-small_22b-instruct-2409-q4_k_m,22,q4_k_m
mistral-small:22b-instruct-2409-q4_K_M,PromptType.COT_NSHOT,100,100,0,0,,,,,,,,,,,,,,,,,,8,50,26,16,0.23529411764705882,0.3333333333333333,0.27586206896551724,,,mistral-small_22b-instruct-2409-q4_k_m,22,q4_k_m
mistral-small:22b-instruct-2409-q4_K_M,PromptType.SYSTEM1,100,100,0,0,,,,,,,,,,,,,,,,,,20,37,35,8,0.36363636363636365,0.7142857142857143,0.48192771084337355,,,mistral-small_22b-instruct-2409-q4_k_m,22,q4_k_m
mistral:7b-instruct-fp16,PromptType.COT,47,47,0,0,,,,,,,,,,,,,,,,,,6,17,17,7,0.2608695652173913,0.46153846153846156,0.33333333333333337,,,mistral_7b-instruct-fp16,7,fp16
mistral:7b-instruct-fp16,PromptType.COT_NSHOT,100,100,0,0,,,,,,,,,,,,,,,,,,7,62,11,20,0.3888888888888889,0.25925925925925924,0.3111111111111111,,,mistral_7b-instruct-fp16,7,fp16
mistral:7b-instruct-fp16,PromptType.SYSTEM1,100,100,0,0,,,,,,,,,,,,,,,,,,15,47,30,8,0.3333333333333333,0.6521739130434783,0.44117647058823534,,,mistral_7b-instruct-fp16,7,fp16
mistral:7b-instruct-q4_K_M,PromptType.COT,100,100,0,0,,,,,,,,,,,,,,,,,,16,38,30,16,0.34782608695652173,0.5,0.41025641025641024,,,mistral_7b-instruct-q4_k_m,7,q4_k_m
mistral:7b-instruct-q4_K_M,PromptType.COT_NSHOT,100,100,0,0,,,,,,,,,,,,,,,,,,15,42,31,12,0.32608695652173914,0.5555555555555556,0.410958904109589,,,mistral_7b-instruct-q4_k_m,7,q4_k_m
mistral:7b-instruct-q4_K_M,PromptType.SYSTEM1,100,100,0,0,,,,,,,,,,,,,,,,,,15,42,25,18,0.375,0.45454545454545453,0.410958904109589,,,mistral_7b-instruct-q4_k_m,7,q4_k_m
mixtral:8x7b-instruct-v0.1-q4_K_M,PromptType.COT,100,100,0,0,,,,,,,,,,,,,,,,,,27,13,60,0,0.3103448275862069,1.0,0.4736842105263158,,,mixtral_8x7b-instruct-v0_1-q4_k_m,7,q4_k_m
mixtral:8x7b-instruct-v0.1-q4_K_M,PromptType.COT_NSHOT,100,100,0,0,,,,,,,,,,,,,,,,,,18,28,45,9,0.2857142857142857,0.6666666666666666,0.4,,,mixtral_8x7b-instruct-v0_1-q4_k_m,7,q4_k_m
mixtral:8x7b-instruct-v0.1-q4_K_M,PromptType.SYSTEM1,100,100,0,0,,,,,,,,,,,,,,,,,,13,41,36,10,0.2653061224489796,0.5652173913043478,0.36111111111111116,,,mixtral_8x7b-instruct-v0_1-q4_k_m,7,q4_k_m
nemotron-mini:4b-instruct-fp16,PromptType.COT,100,100,0,0,,,,,,,,,,,,,,,,,,18,35,42,5,0.3,0.782608695652174,0.43373493975903615,,,nemotron-mini_4b-instruct-fp16,4,fp16
nemotron-mini:4b-instruct-fp16,PromptType.COT_NSHOT,100,100,0,0,,,,,,,,,,,,,,,,,,24,23,51,2,0.32,0.9230769230769231,0.4752475247524752,,,nemotron-mini_4b-instruct-fp16,4,fp16
nemotron-mini:4b-instruct-fp16,PromptType.SYSTEM1,100,100,0,0,,,,,,,,,,,,,,,,,,13,41,30,16,0.3023255813953488,0.4482758620689655,0.36111111111111105,,,nemotron-mini_4b-instruct-fp16,4,fp16
nemotron-mini:4b-instruct-q4_K_M,PromptType.COT,100,100,0,0,,,,,,,,,,,,,,,,,,18,25,51,6,0.2608695652173913,0.75,0.3870967741935483,,,nemotron-mini_4b-instruct-q4_k_m,4,q4_k_m
nemotron-mini:4b-instruct-q4_K_M,PromptType.COT_NSHOT,100,100,0,0,,,,,,,,,,,,,,,,,,23,22,47,8,0.32857142857142857,0.7419354838709677,0.45544554455445546,,,nemotron-mini_4b-instruct-q4_k_m,4,q4_k_m
nemotron-mini:4b-instruct-q4_K_M,PromptType.SYSTEM1,100,100,0,0,,,,,,,,,,,,,,,,,,14,43,28,15,0.3333333333333333,0.4827586206896552,0.39436619718309857,,,nemotron-mini_4b-instruct-q4_k_m,4,q4_k_m
olmo2:13b-1124-instruct-fp16,PromptType.COT,100,100,0,0,,,,,,,,,,,,,,,,,,15,31,41,13,0.26785714285714285,0.5357142857142857,0.3571428571428571,,,olmo2_13b-1124-instruct-fp16,13,fp16
olmo2:13b-1124-instruct-fp16,PromptType.COT_NSHOT,100,100,0,0,,,,,,,,,,,,,,,,,,19,22,48,11,0.2835820895522388,0.6333333333333333,0.3917525773195876,,,olmo2_13b-1124-instruct-fp16,13,fp16
olmo2:13b-1124-instruct-fp16,PromptType.SYSTEM1,100,100,0,0,,,,,,,,,,,,,,,,,,13,54,18,15,0.41935483870967744,0.4642857142857143,0.44067796610169496,,,olmo2_13b-1124-instruct-fp16,13,fp16
olmo2:13b-1124-instruct-q4_K_M,PromptType.COT,100,100,0,0,,,,,,,,,,,,,,,,,,17,26,49,8,0.25757575757575757,0.68,0.37362637362637363,,,olmo2_13b-1124-instruct-q4_k_m,13,q4_k_m
olmo2:13b-1124-instruct-q4_K_M,PromptType.COT_NSHOT,100,100,0,0,,,,,,,,,,,,,,,,,,25,24,46,5,0.352112676056338,0.8333333333333334,0.49504950495049505,,,olmo2_13b-1124-instruct-q4_k_m,13,q4_k_m
olmo2:13b-1124-instruct-q4_K_M,PromptType.SYSTEM1,100,100,0,0,,,,,,,,,,,,,,,,,,11,46,21,22,0.34375,0.3333333333333333,0.3384615384615385,,,olmo2_13b-1124-instruct-q4_k_m,13,q4_k_m
olmo2:7b-1124-instruct-fp16,PromptType.COT,100,100,0,0,,,,,,,,,,,,,,,,,,27,7,65,1,0.29347826086956524,0.9642857142857143,0.45,,,olmo2_7b-1124-instruct-fp16,7,fp16
olmo2:7b-1124-instruct-fp16,PromptType.COT_NSHOT,100,100,0,0,,,,,,,,,,,,,,,,,,28,6,63,3,0.3076923076923077,0.9032258064516129,0.459016393442623,,,olmo2_7b-1124-instruct-fp16,7,fp16
olmo2:7b-1124-instruct-fp16,PromptType.SYSTEM1,100,100,0,0,,,,,,,,,,,,,,,,,,18,37,37,8,0.32727272727272727,0.6923076923076923,0.4444444444444444,,,olmo2_7b-1124-instruct-fp16,7,fp16
olmo2:7b-1124-instruct-q4_K_M,PromptType.COT,100,100,0,0,,,,,,,,,,,,,,,,,,30,6,63,1,0.3225806451612903,0.967741935483871,0.48387096774193544,,,olmo2_7b-1124-instruct-q4_k_m,7,q4_k_m
olmo2:7b-1124-instruct-q4_K_M,PromptType.COT_NSHOT,100,100,0,0,,,,,,,,,,,,,,,,,,23,6,69,2,0.25,0.92,0.3931623931623932,,,olmo2_7b-1124-instruct-q4_k_m,7,q4_k_m
olmo2:7b-1124-instruct-q4_K_M,PromptType.SYSTEM1,100,100,0,0,,,,,,,,,,,,,,,,,,13,37,40,10,0.24528301886792453,0.5652173913043478,0.3421052631578947,,,olmo2_7b-1124-instruct-q4_k_m,7,q4_k_m
phi4:14b-fp16,PromptType.COT,100,100,0,0,,,,,,,,,,,,,,,,,,24,20,53,3,0.3116883116883117,0.8888888888888888,0.4615384615384615,,,phi4_14b-fp16,14,fp16
phi4:14b-fp16,PromptType.COT_NSHOT,100,100,0,0,,,,,,,,,,,,,,,,,,12,48,21,19,0.36363636363636365,0.3870967741935484,0.37500000000000006,,,phi4_14b-fp16,14,fp16
phi4:14b-fp16,PromptType.SYSTEM1,100,100,0,0,,,,,,,,,,,,,,,,,,20,22,50,8,0.2857142857142857,0.7142857142857143,0.40816326530612246,,,phi4_14b-fp16,14,fp16
phi4:14b-q4_K_M,PromptType.COT,200,200,0,0,,,,,,,,,,,,,,,,,,36,46,112,6,0.24324324324324326,0.8571428571428571,0.37894736842105264,,,phi4_14b-q4_k_m,14,q4_k_m
phi4:14b-q4_K_M,PromptType.COT_NSHOT,100,100,0,0,,,,,,,,,,,,,,,,,,13,56,14,17,0.48148148148148145,0.43333333333333335,0.456140350877193,,,phi4_14b-q4_k_m,14,q4_k_m
phi4:14b-q4_K_M,PromptType.SYSTEM1,100,100,0,0,,,,,,,,,,,,,,,,,,19,35,35,11,0.35185185185185186,0.6333333333333333,0.4523809523809524,,,phi4_14b-q4_k_m,14,q4_k_m
qwen2.5:0.5b-instruct-q4_K_M,PromptType.COT,100,100,0,0,,,,,,,,,,,,,,,,,,11,44,25,20,0.3055555555555556,0.3548387096774194,0.3283582089552239,,,qwen2_5_0_5b-instruct-q4_k_m,5,q4_k_m
qwen2.5:0.5b-instruct-q4_K_M,PromptType.COT_NSHOT,100,100,0,0,,,,,,,,,,,,,,,,,,20,27,40,13,0.3333333333333333,0.6060606060606061,0.4301075268817204,,,qwen2_5_0_5b-instruct-q4_k_m,5,q4_k_m
qwen2.5:0.5b-instruct-q4_K_M,PromptType.SYSTEM1,100,100,0,0,,,,,,,,,,,,,,,,,,24,1,75,0,0.24242424242424243,1.0,0.3902439024390244,,,qwen2_5_0_5b-instruct-q4_k_m,5,q4_k_m
qwen2.5:1.5b-instruct-q4_K_M,PromptType.COT,100,100,0,0,,,,,,,,,,,,,,,,,,6,59,17,18,0.2608695652173913,0.25,0.2553191489361702,,,qwen2_5_1_5b-instruct-q4_k_m,5,q4_k_m
qwen2.5:1.5b-instruct-q4_K_M,PromptType.COT_NSHOT,100,100,0,0,,,,,,,,,,,,,,,,,,19,18,52,11,0.2676056338028169,0.6333333333333333,0.37623762376237624,,,qwen2_5_1_5b-instruct-q4_k_m,5,q4_k_m
qwen2.5:1.5b-instruct-q4_K_M,PromptType.SYSTEM1,100,100,0,0,,,,,,,,,,,,,,,,,,22,9,64,5,0.2558139534883721,0.8148148148148148,0.3893805309734513,,,qwen2_5_1_5b-instruct-q4_k_m,5,q4_k_m
qwen2.5:14b-instruct-q4_K_M,PromptType.COT,100,100,0,0,,,,,,,,,,,,,,,,,,17,34,33,16,0.34,0.5151515151515151,0.40963855421686746,,,qwen2_5_14b-instruct-q4_k_m,14,q4_k_m
qwen2.5:14b-instruct-q4_K_M,PromptType.COT_NSHOT,100,100,0,0,,,,,,,,,,,,,,,,,,14,48,22,16,0.3888888888888889,0.4666666666666667,0.42424242424242425,,,qwen2_5_14b-instruct-q4_k_m,14,q4_k_m
qwen2.5:14b-instruct-q4_K_M,PromptType.SYSTEM1,100,100,0,0,,,,,,,,,,,,,,,,,,7,54,22,17,0.2413793103448276,0.2916666666666667,0.26415094339622647,,,qwen2_5_14b-instruct-q4_k_m,14,q4_k_m
qwen2.5:32b-instruct-q4_K_M,PromptType.COT,100,100,0,0,,,,,,,,,,,,,,,,,,18,37,36,9,0.3333333333333333,0.6666666666666666,0.4444444444444444,,,qwen2_5_32b-instruct-q4_k_m,32,q4_k_m
qwen2.5:32b-instruct-q4_K_M,PromptType.COT_NSHOT,100,100,0,0,,,,,,,,,,,,,,,,,,8,59,15,18,0.34782608695652173,0.3076923076923077,0.32653061224489793,,,qwen2_5_32b-instruct-q4_k_m,32,q4_k_m
qwen2.5:32b-instruct-q4_K_M,PromptType.SYSTEM1,100,100,0,0,,,,,,,,,,,,,,,,,,5,56,23,16,0.17857142857142858,0.23809523809523808,0.20408163265306123,,,qwen2_5_32b-instruct-q4_k_m,32,q4_k_m
qwen2.5:3b-instruct-q4_K_M,PromptType.COT,100,100,0,0,,,,,,,,,,,,,,,,,,23,23,51,3,0.3108108108108108,0.8846153846153846,0.46,,,qwen2_5_3b-instruct-q4_k_m,3,q4_k_m
qwen2.5:3b-instruct-q4_K_M,PromptType.COT_NSHOT,100,100,0,0,,,,,,,,,,,,,,,,,,15,44,31,10,0.32608695652173914,0.6,0.4225352112676057,,,qwen2_5_3b-instruct-q4_k_m,3,q4_k_m
qwen2.5:3b-instruct-q4_K_M,PromptType.SYSTEM1,100,100,0,0,,,,,,,,,,,,,,,,,,18,17,60,5,0.23076923076923078,0.782608695652174,0.3564356435643565,,,qwen2_5_3b-instruct-q4_k_m,3,q4_k_m
qwen2.5:72b-instruct-q4_K_M,PromptType.COT,100,100,0,0,,,,,,,,,,,,,,,,,,14,42,25,19,0.358974358974359,0.42424242424242425,0.3888888888888889,,,qwen2_5_72b-instruct-q4_k_m,72,q4_k_m
qwen2.5:72b-instruct-q4_K_M,PromptType.COT_NSHOT,100,100,0,0,,,,,,,,,,,,,,,,,,14,52,16,18,0.4666666666666667,0.4375,0.45161290322580644,,,qwen2_5_72b-instruct-q4_k_m,72,q4_k_m
qwen2.5:72b-instruct-q4_K_M,PromptType.SYSTEM1,100,100,0,0,,,,,,,,,,,,,,,,,,20,35,30,15,0.4,0.5714285714285714,0.47058823529411764,,,qwen2_5_72b-instruct-q4_k_m,72,q4_k_m
qwen2.5:7b-instruct-q4_K_M,PromptType.COT,100,100,0,0,,,,,,,,,,,,,,,,,,21,31,42,6,0.3333333333333333,0.7777777777777778,0.4666666666666666,,,qwen2_5_7b-instruct-q4_k_m,7,q4_k_m
qwen2.5:7b-instruct-q4_K_M,PromptType.COT_NSHOT,100,100,0,0,,,,,,,,,,,,,,,,,,23,31,40,6,0.36507936507936506,0.7931034482758621,0.5,,,qwen2_5_7b-instruct-q4_k_m,7,q4_k_m
qwen2.5:7b-instruct-q4_K_M,PromptType.SYSTEM1,100,100,0,0,,,,,,,,,,,,,,,,,,9,49,27,15,0.25,0.375,0.3,,,qwen2_5_7b-instruct-q4_k_m,7,q4_k_m
reflection:70b-q4_K_M,PromptType.COT,100,100,0,0,,,,,,,,,,,,,,,,,,18,31,48,3,0.2727272727272727,0.8571428571428571,0.41379310344827586,,,reflection_70b-q4_k_m,70,q4_k_m
reflection:70b-q4_K_M,PromptType.COT_NSHOT,97,97,0,0,,,,,,,,,,,,,,,,,,14,37,32,14,0.30434782608695654,0.5,0.3783783783783784,,,reflection_70b-q4_k_m,70,q4_k_m
reflection:70b-q4_K_M,PromptType.SYSTEM1,100,100,0,0,,,,,,,,,,,,,,,,,,22,26,45,7,0.3283582089552239,0.7586206896551724,0.4583333333333333,,,reflection_70b-q4_k_m,70,q4_k_m
sailor2:20b-chat-q4_K_M,PromptType.COT,100,100,0,0,,,,,,,,,,,,,,,,,,18,26,49,7,0.26865671641791045,0.72,0.391304347826087,,,sailor2_20b-chat-q4_k_m,20,q4_k_m
sailor2:20b-chat-q4_K_M,PromptType.COT_NSHOT,100,100,0,0,,,,,,,,,,,,,,,,,,16,35,36,13,0.3076923076923077,0.5517241379310345,0.39506172839506176,,,sailor2_20b-chat-q4_k_m,20,q4_k_m
sailor2:20b-chat-q4_K_M,PromptType.SYSTEM1,100,100,0,0,,,,,,,,,,,,,,,,,,28,12,55,5,0.3373493975903614,0.8484848484848485,0.4827586206896552,,,sailor2_20b-chat-q4_k_m,20,q4_k_m
sailor2:8b-chat-q4_K_M,PromptType.COT,100,100,0,0,,,,,,,,,,,,,,,,,,24,13,60,3,0.2857142857142857,0.8888888888888888,0.43243243243243246,,,sailor2_8b-chat-q4_k_m,8,q4_k_m
sailor2:8b-chat-q4_K_M,PromptType.COT_NSHOT,100,100,0,0,,,,,,,,,,,,,,,,,,23,19,51,7,0.3108108108108108,0.7666666666666667,0.4423076923076923,,,sailor2_8b-chat-q4_k_m,8,q4_k_m
sailor2:8b-chat-q4_K_M,PromptType.SYSTEM1,100,100,0,0,,,,,,,,,,,,,,,,,,24,20,45,11,0.34782608695652173,0.6857142857142857,0.4615384615384615,,,sailor2_8b-chat-q4_k_m,8,q4_k_m
smallthinker:3b-preview-q4_K_M,PromptType.SYSTEM1,14,14,0,0,,,,,,,,,,,,,,,,,,1,5,6,2,0.14285714285714285,0.3333333333333333,0.2,,,smallthinker_3b-preview-q4_k_m,3,q4_k_m
smollm2:1.7b-instruct-q4_K_M,PromptType.COT,100,100,0,0,,,,,,,,,,,,,,,,,,10,40,31,19,0.24390243902439024,0.3448275862068966,0.2857142857142857,,,smollm2_1_7b-instruct-q4_k_m,7,q4_k_m
smollm2:1.7b-instruct-q4_K_M,PromptType.COT_NSHOT,100,100,0,0,,,,,,,,,,,,,,,,,,16,41,25,18,0.3902439024390244,0.47058823529411764,0.4266666666666667,,,smollm2_1_7b-instruct-q4_k_m,7,q4_k_m
smollm2:1.7b-instruct-q4_K_M,PromptType.SYSTEM1,100,100,0,0,,,,,,,,,,,,,,,,,,23,15,59,3,0.2804878048780488,0.8846153846153846,0.42592592592592593,,,smollm2_1_7b-instruct-q4_k_m,7,q4_k_m
solar-pro:22b-preview-instruct-q4_K_M,PromptType.COT,100,100,0,0,,,,,,,,,,,,,,,,,,21,20,50,9,0.29577464788732394,0.7,0.41584158415841577,,,solar-pro_22b-preview-instruct-q4_k_m,22,q4_k_m
solar-pro:22b-preview-instruct-q4_K_M,PromptType.COT_NSHOT,100,100,0,0,,,,,,,,,,,,,,,,,,13,47,27,13,0.325,0.5,0.393939393939394,,,solar-pro_22b-preview-instruct-q4_k_m,22,q4_k_m
solar-pro:22b-preview-instruct-q4_K_M,PromptType.SYSTEM1,100,100,0,0,,,,,,,,,,,,,,,,,,24,28,42,6,0.36363636363636365,0.8,0.5000000000000001,,,solar-pro_22b-preview-instruct-q4_k_m,22,q4_k_m
tulu3:70b-q4_K_M,PromptType.COT,100,100,0,0,,,,,,,,,,,,,,,,,,7,43,39,11,0.15217391304347827,0.3888888888888889,0.21875000000000003,,,tulu3_70b-q4_k_m,70,q4_k_m
tulu3:70b-q4_K_M,PromptType.COT_NSHOT,100,100,0,0,,,,,,,,,,,,,,,,,,14,43,36,7,0.28,0.6666666666666666,0.3943661971830986,,,tulu3_70b-q4_k_m,70,q4_k_m
tulu3:70b-q4_K_M,PromptType.SYSTEM1,100,100,0,0,,,,,,,,,,,,,,,,,,17,31,41,11,0.29310344827586204,0.6071428571428571,0.3953488372093023,,,tulu3_70b-q4_k_m,70,q4_k_m
tulu3:8b-fp16,PromptType.COT,100,100,0,0,,,,,,,,,,,,,,,,,,23,16,55,6,0.2948717948717949,0.7931034482758621,0.42990654205607476,,,tulu3_8b-fp16,8,fp16
tulu3:8b-fp16,PromptType.COT_NSHOT,100,100,0,0,,,,,,,,,,,,,,,,,,15,43,22,20,0.40540540540540543,0.42857142857142855,0.4166666666666667,,,tulu3_8b-fp16,8,fp16
tulu3:8b-fp16,PromptType.SYSTEM1,100,100,0,0,,,,,,,,,,,,,,,,,,12,45,28,15,0.3,0.4444444444444444,0.3582089552238806,,,tulu3_8b-fp16,8,fp16
tulu3:8b-q4_K_M,PromptType.COT,100,100,0,0,,,,,,,,,,,,,,,,,,36,10,52,2,0.4090909090909091,0.9473684210526315,0.5714285714285715,,,tulu3_8b-q4_k_m,8,q4_k_m
tulu3:8b-q4_K_M,PromptType.COT_NSHOT,100,100,0,0,,,,,,,,,,,,,,,,,,19,40,30,11,0.3877551020408163,0.6333333333333333,0.4810126582278481,,,tulu3_8b-q4_k_m,8,q4_k_m
tulu3:8b-q4_K_M,PromptType.SYSTEM1,100,100,0,0,,,,,,,,,,,,,,,,,,13,40,35,12,0.2708333333333333,0.52,0.35616438356164387,,,tulu3_8b-q4_k_m,8,q4_k_m
yi:9b-v1.5-q4_K_M,PromptType.SYSTEM1,90,90,0,0,,,,,,,,,,,,,,,,,,15,30,37,8,0.28846153846153844,0.6521739130434783,0.39999999999999997,,,yi_9b-v1_5-q4_k_m,9,q4_k_m
